% Model:              porous_absorber_time_domain.zh_CN.mph
% Version:            COMSOL 6.4.0.293
% Date:               Jul 12 2026, 17:00
% Table:              表格 3 - 
% 时间 (s)                 总声压
0.005                    -6.047829287332201E-10
0.005025000000000001     -7.464196321087101E-8
0.005050000000000001     -2.1541785865905878E-7
0.0050750000000000005    -3.8366683501557545E-7
0.005100000000000001     -7.49372198833564E-7
0.005125000000000001     -2.022287951996897E-6
0.005150000000000001     -5.830609567238555E-6
0.005175000000000001     -1.5358312488300394E-5
0.005200000000000001     -3.686252656745234E-5
0.0052250000000000005    -8.288714250143912E-5
0.005250000000000001     -1.775656133961085E-4
0.005275000000000001     -3.639033560760649E-4
0.005300000000000001     -7.12185686442756E-4
0.005325000000000001     -0.001328325375506248
0.005350000000000001     -0.002361125383515515
0.0053750000000000004    -0.004004663710781845
0.005400000000000001     -0.00648953038134187
0.005425000000000001     -0.01005176151408957
0.005450000000000001     -0.014867826557575629
0.005475000000000001     -0.020951351185532163
0.0055000000000000005    -0.028025924028074488
0.005525                 -0.03541514413568428
0.005550000000000001     -0.04200567653878848
0.005575000000000001     -0.04635129341063482
0.005600000000000001     -0.046942575028191574
0.005625000000000001     -0.042618278133476954
0.0056500000000000005    -0.03301330895919785
0.005675000000000001     -0.018900030138305827
0.005700000000000001     -0.0022602134309361458
0.005725000000000001     0.013999055815585288
0.005750000000000001     0.026657155014128582
0.005775000000000001     0.032980486217713156
0.005800000000000001     0.03146714262892048
0.005825000000000001     0.022305004057403224
0.005850000000000001     0.007369300698572261
0.005875000000000001     -0.010226539320047847
0.005900000000000001     -0.026914606293956013
0.005925000000000001     -0.0395298015428879
0.00595                  -0.0460032194928304
0.005975000000000001     -0.04570040288220018
0.006000000000000001     -0.03936518996086043
0.006025000000000001     -0.028736837690322134
0.006050000000000001     -0.015996190447700058
0.0060750000000000005    -0.003225729487657176
0.006100000000000001     0.00798714717139031
0.006125000000000001     0.01673150183976653
0.006150000000000001     0.022753928115658146
0.006175000000000001     0.02628919488559086
0.006200000000000001     0.027831395908365437
0.006225000000000001     0.027914609020165855
0.00625                  0.02695925403317774
0.006275000000000001     0.025206723276353326
0.006300000000000001     0.022741669103466047
0.006325000000000001     0.01957607788416902
0.006350000000000001     0.015758557400446873
0.0063750000000000005    0.011466872906559374
0.006400000000000001     0.007048996678781049
0.006425000000000001     0.0029933193644078177
0.006450000000000001     -1.6740726092728299E-4
0.006475000000000001     -0.0019901579404270875
0.006500000000000001     -0.0022507463600763304
0.006525000000000001     -0.0010230674116934804
0.006550000000000001     0.0013192681281449182
0.006575000000000001     0.004185785847940564
0.006600000000000001     0.006908147093900362
0.006625000000000001     0.008896028561977062
0.006650000000000001     0.009761479213528917
0.006675                 0.009382104426664602
0.006700000000000001     0.007889408645067441
0.006725000000000001     0.005598899454581923
0.006750000000000001     0.002909405834697819
0.006775000000000001     2.0378830123941126E-4
0.0068000000000000005    -0.0022229118879646174
0.006825000000000001     -0.004196295802031368
0.006850000000000001     -0.00565783271531071
0.006875000000000001     -0.0066353414006332075
0.006900000000000001     -0.007202699318893215
0.006925000000000001     -0.007444287984211375
0.006950000000000001     -0.007432167348978942
0.006975000000000001     -0.007218869369895907
0.007000000000000001     -0.006842633737570393
0.007025000000000001     -0.0063391422381836055
0.007050000000000001     -0.0057525256220041475
0.007075000000000001     -0.00514033727583618
0.0071                   -0.004569799073348901
0.007125000000000001     -0.004106504941309013
0.007150000000000001     -0.0037993908349949848
0.007175000000000001     -0.003667723845585176
0.0072000000000000015    -0.0036948206758195233
0.0072250000000000005    -0.0038318523536888657
0.007250000000000001     -0.004010854026497669
0.007275000000000001     -0.0041632148359485675
0.007300000000000001     -0.004237887414096539
0.007325000000000001     -0.004213454833274212
0.007350000000000001     -0.0041004722389282365
0.007375000000000001     -0.003933655652803104
0.0074                   -0.003757459136368501
0.007425000000000001     -0.003609943865848813
0.007450000000000001     -0.003510698243172506
0.007475000000000001     -0.003456101776881614
0.0075000000000000015    -0.003422920090616342
0.0075250000000000004    -0.00337773437676635
0.007550000000000001     -0.0032885808622392415
0.007575000000000001     -0.0031346300752750473
0.007600000000000001     -0.0029113395479081336
0.007625000000000002     -0.0026301045078451508
0.0076500000000000005    -0.0023136548976431274
0.007675000000000001     -0.0019893329086196456
0.007700000000000001     -0.0016825480593554434
0.007725000000000001     -0.0014121844162993248
0.007750000000000001     -0.0011886306179736653
0.007775000000000001     -0.001014226794503871
0.007800000000000001     -8.851756653322383E-4
0.007825                 -7.940294998168456E-4
0.007850000000000001     -7.318408967371558E-4
0.007875                 -6.896152050002904E-4
0.0079                   -6.590253315465477E-4
0.007925000000000001     -6.326208834922427E-4
0.00795                  -6.038381540075448E-4
0.007975000000000001     -5.670563820287807E-4
0.008                    -5.178154523645057E-4
0.008025000000000001     -4.53145684076091E-4
0.008050000000000002     -3.719007154121118E-4
0.008075                 -2.749513546034387E-4
0.008100000000000001     -1.651198120224575E-4
0.008125                 -4.685262654320746E-5
0.008150000000000001     7.435456123013147E-5
0.008175000000000002     1.9266271947762458E-4
0.0082                   3.0260854792306646E-4
0.008225000000000001     3.99719700805124E-4
0.00825                  4.809427997681938E-4
0.008275000000000001     5.448479835926279E-4
0.008300000000000002     5.915990012218923E-4
0.008325                 6.22748737142547E-4
0.008350000000000002     6.408887462088094E-4
0.008375                 6.492340151795196E-4
0.008400000000000001     6.512009630769594E-4
0.008425000000000002     6.500286963093219E-4
0.008450000000000001     6.484877383526259E-4
0.008475000000000002     6.486940158640581E-4
0.0085                   6.520378854166565E-4
0.008525000000000001     6.592056500563865E-4
0.008550000000000002     6.702835360483201E-4
0.008575000000000001     6.849071583206467E-4
0.0086                   7.024295404921541E-4
0.008625                 7.220847941025294E-4
0.008650000000000001     7.431209891116568E-4
0.008675                 7.648901026922193E-4
0.008700000000000001     7.868874196254515E-4
0.008725                 8.087475645038167E-4
0.00875                  8.30208584330481E-4
0.008775000000000002     8.510639361989333E-4
0.0088                   8.711182993494787E-4
0.008825000000000001     8.901599382001561E-4
0.00885                  9.079582700252575E-4
0.008875000000000001     9.242910300926842E-4
0.008900000000000002     9.389994891084832E-4
0.008925                 9.520631231773608E-4
0.008950000000000001     9.636733647419002E-4
0.008975                 9.742817019864981E-4
0.009000000000000001     9.845982465575072E-4
0.009025000000000002     9.95523575008523E-4
0.00905                  0.0010080199034616325
0.009075                 0.0010229391535862395
0.0091                   0.001040845595952542
0.009125000000000001     0.0010618697709574736
0.009150000000000002     0.0010856372871227986
0.009175                 0.0011112947027648637
0.0092                   0.0011376423311279344
0.009225                 0.0011633609529294307
0.009250000000000001     0.0011872874108113216
0.009275000000000002     0.001208679981444252
0.009300000000000001     0.001227399734599654
0.009325                 0.001243956784017405
0.00935                  0.0012593858834967805
0.009375000000000001     0.0012749805427754541
0.009400000000000002     0.001291944408773395
0.009425000000000001     0.001311056495220156
0.00945                  0.001332439777773326
0.009475                 0.0013555041054063375
0.009500000000000001     0.00137907471184266
0.009525000000000002     0.0014016627683861875
0.009550000000000001     0.0014218010497201435
0.009575                 0.0014383419559116232
0.009600000000000001     0.0014506451106164452
0.009625000000000002     0.001458615228086196
0.009650000000000002     0.0014626152486759319
0.009675000000000001     0.001463300200263628
0.0097                   0.00146144672536754
0.009725000000000001     0.0014578294638013475
0.009750000000000002     0.0014531673069543886
0.009775                 0.0014481285975553085
0.009800000000000001     0.00144336032066467
0.009825                 0.001439500321341666
0.009850000000000001     0.0014371426849371742
0.009875000000000002     0.0014367497348788964
0.0099                   0.0014385306142783477
0.009925                 0.001442324374903916
0.00995                  0.001447540033404894
0.009975000000000001     0.0014531877714520375
0.010000000000000002     0.0014580210259413809
