% Model:              porous_absorber_time_domain.zh_CN.mph
% Version:            COMSOL 6.4.0.293
% Date:               Jul 12 2026, 16:59
% Table:              表格 1 - 
% 时间 (s)                 总声压
0.005                    -6.266638937659235E-10
0.005025000000000001     -7.465538527907792E-8
0.005050000000000001     -2.1540972827841784E-7
0.0050750000000000005    -3.8363023283150535E-7
0.005100000000000001     -7.493141515154814E-7
0.005125000000000001     -2.0222325696208343E-6
0.005150000000000001     -5.8305918711474316E-6
0.005175000000000001     -1.5358362430547692E-5
0.005200000000000001     -3.686264876836513E-5
0.0052250000000000005    -8.288730120291537E-5
0.005250000000000001     -1.775657332146327E-4
0.005275000000000001     -3.639033462139279E-4
0.005300000000000001     -7.121854871465488E-4
0.005325000000000001     -0.0013283250094914408
0.005350000000000001     -0.002361124982571017
0.0053750000000000004    -0.004004663489990534
0.005400000000000001     -0.006489530555410705
0.005425000000000001     -0.01005176217714551
0.005450000000000001     -0.014867827573457119
0.005475000000000001     -0.020951352151256996
0.0055000000000000005    -0.02802592437215698
0.005525                 -0.03541514336363502
0.005550000000000001     -0.04200567455094026
0.005575000000000001     -0.04635129073313741
0.005600000000000001     -0.046942572798735156
0.005625000000000001     -0.04261827776159877
0.0056500000000000005    -0.033013311509632354
0.005675000000000001     -0.01890003561366792
0.005700000000000001     -0.002260220273887637
0.005725000000000001     0.013999050615561292
0.005750000000000001     0.02665715494868971
0.005775000000000001     0.03298049356277844
0.005800000000000001     0.03146715664546442
0.005825000000000001     0.02230501998626929
0.005850000000000001     0.007369310285929929
0.005875000000000001     -0.010226545639667664
0.005900000000000001     -0.02691463647737624
0.005925000000000001     -0.03952986080703596
0.00595                  -0.04600331602149524
0.005975000000000001     -0.04570056952760747
0.006000000000000001     -0.039365538875515485
0.006025000000000001     -0.028737680907262524
0.006050000000000001     -0.01599828856314174
0.0060750000000000005    -0.0032307881726742205
0.006100000000000001     0.00797553246769903
0.006125000000000001     0.016706138738685393
0.006150000000000001     0.022701094924584456
0.006175000000000001     0.026183947692050496
0.006200000000000001     0.027630542059366343
0.006225000000000001     0.027547026841142734
0.00625                  0.026313949083708384
0.006275000000000001     0.0241200360048291
0.006300000000000001     0.0209869885956429
0.006325000000000001     0.016861224172318265
0.006350000000000001     0.011737650396992387
0.0063750000000000005    0.005773343272055167
0.006400000000000001     -6.462472547159308E-4
0.006425000000000001     -0.006914376094330738
0.006450000000000001     -0.012288592988822454
0.006475000000000001     -0.016035457749205
0.006500000000000001     -0.0175994633382855
0.006525000000000001     -0.016748580477671724
0.006550000000000001     -0.01365792336673027
0.006575000000000001     -0.00890180578650842
0.006600000000000001     -0.0033586671517303454
0.006625000000000001     0.0019545615583710374
0.006650000000000001     0.006077195475768328
0.006675                 0.008286172481117264
0.006700000000000001     0.008222965570261066
0.006725000000000001     0.005942391971817362
0.006750000000000001     0.0018777961999948268
0.006775000000000001     -0.003267919245501161
0.0068000000000000005    -0.00867209473506617
0.006825000000000001     -0.013551583631400733
0.006850000000000001     -0.017293832215801802
0.006875000000000001     -0.019538187059571478
0.006900000000000001     -0.020194590885004186
0.006925000000000001     -0.019408976531702607
0.006950000000000001     -0.017492173927061545
0.006975000000000001     -0.014834604065598483
0.007000000000000001     -0.011829466617467409
0.007025000000000001     -0.008816475351166293
0.007050000000000001     -0.006051782330848514
0.007075000000000001     -0.003699706480239171
0.0071                   -0.001840183333381966
0.007125000000000001     -4.8276744427958333E-4
0.007150000000000001     4.1761592046158047E-4
0.007175000000000001     9.451614046687007E-4
0.0072000000000000015    0.001208170633130027
0.0072250000000000005    0.0013227729958449979
0.007250000000000001     0.001395939102223839
0.007275000000000001     0.001509368013819684
0.007300000000000001     0.0017079257626195076
0.007325000000000001     0.001995671572432922
0.007350000000000001     0.0023413125987034994
0.007375000000000001     0.002692067769274851
0.0074                   0.002991790268122253
0.007425000000000001     0.0031983733060752285
0.007450000000000001     0.003295164285146047
0.007475000000000001     0.003293829099966347
0.0075000000000000015    0.0032283826504197854
0.0075250000000000004    0.0031436064325260586
0.007550000000000001     0.0030818303125862926
0.007575000000000001     0.0030724153527577026
0.007600000000000001     0.003126386596384108
0.007625000000000002     0.003237005520683969
0.0076500000000000005    0.003384767062747645
0.007675000000000001     0.0035445083000376553
0.007700000000000001     0.00369224869965665
0.007725000000000001     0.003809963634357608
0.007750000000000001     0.0038876736503444895
0.007775000000000001     0.003923102465961326
0.007800000000000001     0.003919882463841147
0.007825                 0.003885196848828171
0.007850000000000001     0.0038277378947141343
0.007875                 0.0037563140046929563
0.0079                   0.0036791275768403475
0.007925000000000001     0.003603501994482082
0.00795                  0.0035357812008890064
0.007975000000000001     0.003481197009574606
0.008                    0.0034436185386239157
0.008025000000000001     0.0034252486681530725
0.008050000000000002     0.003426364248980244
0.008075                 0.0034452183475495
0.008100000000000001     0.0034781954311624286
0.008125                 0.0035202005547295737
0.008150000000000001     0.0035652615276953693
0.008175000000000002     0.003607232676346595
0.0082                   0.0036404976821490355
0.008225000000000001     0.003660564654518773
0.00825                  0.0036644790339569067
0.008275000000000001     0.0036510149946692503
0.008300000000000002     0.0036206255576171575
0.008325                 0.0035752041494887215
0.008350000000000002     0.0035176828148529202
0.008375                 0.0034515575890635896
0.008400000000000001     0.003380413463438112
0.008425000000000002     0.003307516933235849
0.008450000000000001     0.0032355293985940805
0.008475000000000002     0.003166359808051638
0.0085                   0.0031011548562984
0.008525000000000001     0.003040384056456177
0.008550000000000002     0.0029839896490014522
0.008575000000000001     0.002931549969585571
0.0086                   0.0028824286984012203
0.008625                 0.00283589776950814
0.008650000000000001     0.0027912285145653267
0.008675                 0.0027477585232766255
0.008700000000000001     0.0027049397470747406
0.008725                 0.0026623743374360248
0.00875                  0.0026198357708909856
0.008775000000000002     0.0025772704617179156
0.0088                   0.002534772094667354
0.008825000000000001     0.0024925254714370164
0.00885                  0.00245073385060599
0.008875000000000001     0.0024095520534871393
0.008900000000000002     0.0023690502715295043
0.008925                 0.0023292139427765037
0.008950000000000001     0.002289960165411655
0.008975                 0.002251127682768501
0.009000000000000001     0.0022124035853352815
0.009025000000000002     0.002173191976760828
0.00905                  0.002132490140026467
0.009075                 0.0020888990186735687
0.0091                   0.002040893269699312
0.009125000000000001     0.00198739849990966
0.009150000000000002     0.0019285735179455387
0.009175                 0.0018665365644850583
0.0092                   0.0018056998920690914
0.009225                 0.0017524003423523397
0.009250000000000001     0.0017137651028065913
0.009275000000000002     0.0016959619204660813
0.009300000000000001     0.0017022893431661253
0.009325                 0.0017316097462871396
0.00935                  0.0017776807805800678
0.009375000000000001     0.001829642882095128
0.009400000000000002     0.0018737264003258248
0.009425000000000001     0.0018959368066213214
0.00945                  0.0018851913850907586
0.009475                 0.0018362280185859788
0.009500000000000001     0.0017515029665943625
0.009525000000000002     0.0016415076870231924
0.009550000000000001     0.0015230652357074318
0.009575                 0.0014159001991821676
0.009600000000000001     0.0013381266668993092
0.009625000000000002     0.0013018500407760273
0.009650000000000002     0.0013100353841640155
0.009675000000000001     0.0013556728609577203
0.0097                   0.0014234663131423486
0.009725000000000001     0.001493580513924234
0.009750000000000002     0.0015464598939584078
0.009775                 0.0015673185764804225
0.009800000000000001     0.0015491954333243779
0.009825                 0.0014938270548392008
0.009850000000000001     0.0014104343301273219
0.009875000000000002     0.0013128271332191954
0.0099                   0.0012158543909071044
0.009925                 0.001132099424576544
0.00995                  0.0010696052071281796
0.009975000000000001     0.001030976040387529
0.010000000000000002     0.0010138497584985305
