% Frequency (Hz)          Real Part of Admittance (1) Imaginary Part of Admittance (1)
19.6862664046074          -1.0685449552098052E-9      5.731218779961138E-6
22.09708691207961         6.526307933377664E-9        6.4401942378852535E-6
24.803141437003124        1.6806053530032222E-8       7.236531688459355E-6
27.840584941885616        3.049618459292206E-8        8.130916976255944E-6
31.25                     4.8500345373612196E-8       9.135324283118536E-6
35.07693900966791         7.194215013511122E-8        1.0263166895444386E-5
39.3725328092148          1.0221656886887728E-7       1.1529464448722887E-5
44.19417382415922         1.4105302413633881E-7       1.29510281363453E-5
49.60628287400625         1.9059281670898393E-7       1.4546665405962014E-5
55.68116988377123         2.53484066849294E-7         1.633740565811602E-5
62.5                      3.329980514047534E-7        1.8346748424043602E-5
70.15387801933582         4.331716450390691E-7        2.0600935366422974E-5
78.74506561842958         5.589815857624261E-7        2.3129247218721285E-5
88.38834764831844         7.16557479665061E-7         2.5964326411451715E-5
99.2125657480125          9.134419053888374E-7        2.914252556595619E-5
111.36233976754242        1.1589076844993443E-6       3.2704281212756725E-5
125                       1.4643444046559388E-6       3.669451090619102E-5
140.30775603867164        1.8437286517608576E-6       4.116303025822304E-5
157.49013123685916        2.3141951513855047E-6       4.616498412427432E-5
176.7766952966369         2.8967291678641673E-6       5.1761283055223725E-5
198.425131496025          3.6170040417932226E-6       5.8019031899615885E-5
222.72467953508485        4.506391625744952E-6        6.501193175919125E-5
250                       5.603177467970713E-6        7.282062891983244E-5
280.6155120773433         6.954016670029608E-6        8.153297433935364E-5
314.9802624737183         8.615669980221944E-6        9.12441440562468E-5
353.5533905932738         1.0657062196012336E-5       1.0205655362746482E-4
396.8502629920499         1.3161705229046115E-5       1.1407947736500152E-4
445.4493590701697         1.6230524471540208E-5       1.2742825455814237E-4
500                       1.9985116711477633E-5       1.4222292892152817E-4
561.2310241546866         2.457144687449134E-5        1.5858612354241068E-4
629.9605249474366         3.0163954344283103E-5       1.7663990189354902E-4
707.1067811865476         3.696998184722809E-5        1.9650130693735357E-4
793.7005259840998         4.5234352447469085E-5       2.1827620439905673E-4
890.8987181403393         5.5243782059318305E-5       2.4205098408387282E-4
1000                      6.733059068817E-5           2.6788162631613213E-4
1122.4620483093731        8.187488580513478E-5        2.9577969700564437E-4
1259.9210498948732        9.930413780186384E-5        3.256949436092948E-4
1414.213562373095         1.2008858657160378E-4       3.574941860628985E-4
1587.4010519681995        1.4473003468897037E-4       3.909368900292618E-4
1781.7974362806785        1.7374158059685693E-4       4.256491195909793E-4
2000                      2.0761657005073127E-4       4.6109814835825364E-4
