% Frequency (Hz)          Real Part of Admittance (1) Imaginary Part of Admittance (1)
19.6862664046074          9.95131233492433E-5         1.3975368769740545E-4
22.09708691207961         1.1111521789485226E-4       1.4635615745642403E-4
24.803141437003124        1.2337594551346402E-4       1.526270059632073E-4
27.840584941885616        1.3623404715873687E-4       1.5851759435976483E-4
31.25                     1.4962108391074148E-4       1.6399106941127986E-4
35.07693900966791         1.634642571156993E-4        1.6902308931375984E-4
39.3725328092148          1.7768918477690203E-4       1.7360176096110268E-4
44.19417382415922         1.9222240205496598E-4       1.7772686273880912E-4
49.60628287400625         2.069934006410206E-4        1.8140848760610334E-4
55.68116988377123         2.2193608188853463E-4       1.84665275664384E-4
62.5                      2.3698955955890358E-4       1.875224124363996E-4
70.15387801933582         2.5209829931702264E-4       1.900095521932166E-4
78.74506561842958         2.6721161635570497E-4       1.9215879079023172E-4
88.38834764831844         2.8228256530151065E-4       1.9400276570201455E-4
99.2125657480125          2.9726624535299966E-4       1.9557290599064856E-4
111.36233976754242        3.121175048494948E-4        1.9689779138352373E-4
125                       3.26787954698413E-4         1.9800150019493883E-4
140.30775603867164        3.4122206850138465E-4       1.989017125755665E-4
157.49013123685916        3.553519111591037E-4        1.996071511275737E-4
176.7766952966369         3.690895892392539E-4        2.0011360928838654E-4
198.425131496025          3.8231560394577836E-4       2.0039717869758104E-4
222.72467953508485        3.9485929051832235E-4       2.0040198331958958E-4
250                       4.0646278896102624E-4       2.000169170558471E-4
280.6155120773433         4.1670761680170633E-4       1.9902944031616003E-4
314.9802624737183         4.248465126344795E-4        1.970287850973011E-4
353.5533905932738         4.2935818764931294E-4       1.931910889155841E-4
396.8502629920499         4.265127311636814E-4        1.8579139887859434E-4
445.4493590701697         4.042122599501971E-4        1.7151738783539535E-4
500                       3.0284417294734837E-4       1.6142601734966806E-4
561.2310241546866         2.499162624790943E-4        5.442738971433623E-4
629.9605249474366         5.329263100038864E-4        4.4411912630626263E-4
707.1067811865476         5.490727427637588E-4        3.819414334454728E-4
793.7005259840998         5.458034579836696E-4        3.684636590028283E-4
890.8987181403393         5.321337535613992E-4        3.7533746709631215E-4
1000                      4.8197293358358E-4          4.1168763021476253E-4
1122.4620483093731        6.410375068208373E-4        7.384101557052704E-4
1259.9210498948732        7.000902963675864E-4        4.966296117404914E-4
1414.213562373095         6.683217378517466E-4        5.226872862813635E-4
1587.4010519681995        6.546838511245429E-4        6.550557927940156E-4
1781.7974362806785        8.545588445235435E-4        5.620397234716564E-4
2000                      8.233703228804845E-4        6.398842943680992E-4
