% Frequency (Hz)          Real Part of Admittance (1) Imaginary Part of Admittance (1)
19.6862664046074          2.8169923166459622E-5       1.1223195596508444E-4
22.09708691207961         3.5516007243837905E-5       1.2650391219966734E-4
24.803141437003124        4.515854565824747E-5        1.4288891264210263E-4
27.840584941885616        5.8063288354248075E-5       1.617805231322465E-4
31.25                     7.574956361244618E-5        1.8359759366661047E-4
35.07693900966791         1.0068735239170865E-4       2.0863934438462847E-4
39.3725328092148          1.369994685190383E-4        2.366119923864232E-4
44.19417382415922         1.9158656330634126E-4       2.6518272357517697E-4
49.60628287400625         2.7513736617523917E-4       2.857776154540577E-4
55.68116988377123         3.982726306398585E-4        2.731697174996348E-4
62.5                      5.43725656429212E-4         1.743568222510601E-4
70.15387801933582         6.115720561813573E-4        -3.820822741313879E-5
78.74506561842958         5.150399695436807E-4        -2.418318962446771E-4
88.38834764831844         3.530261414904267E-4        -3.2023168974574726E-4
99.2125657480125          2.2626225673803044E-4       -3.127980555575723E-4
111.36233976754242        1.4577838822591122E-4       -2.775203689857626E-4
125                       9.645617683861047E-5        -2.3920463182679007E-4
140.30775603867164        6.56596164197645E-5         -2.0493738346557823E-4
157.49013123685916        4.5812195947331306E-5       -1.7586151672462902E-4
176.7766952966369         3.2613924350489476E-5       -1.514853622436566E-4
198.425131496025          2.3594774413515812E-5       -1.310090343981253E-4
222.72467953508485        1.729126766532651E-5        -1.1369059875113372E-4
250                       1.2805607311633832E-5       -9.892199907461843E-5
280.6155120773433         9.568314923826467E-6        -8.622321257014888E-5
314.9802624737183         7.207053225836885E-6        -7.52181329154658E-5
353.5533905932738         5.4717689310337914E-6       -6.561051311634529E-5
396.8502629920499         4.190559361238946E-6        -5.716430301593855E-5
445.4493590701697         3.2428382384538154E-6       -4.968856709014631E-5
500                       2.5425590501485585E-6       -4.3026129465313244E-5
561.2310241546866         2.0274710354989224E-6       -3.704499418514754E-5
629.9605249474366         1.6521030307575704E-6       -3.163172421036976E-5
707.1067811865476         1.3831218072322987E-6       -2.6686106287668952E-5
793.7005259840998         1.1962659535333378E-6       -2.211651485515913E-5
890.8987181403393         1.0743953515014545E-6       -1.7835396082139964E-5
1000                      1.0063923839538491E-6       -1.3754144035883546E-5
1122.4620483093731        9.86850891377821E-7         -9.77610066881192E-6
1259.9210498948732        1.017055122660174E-6        -5.785299890980196E-6
1414.213562373095         1.1085004862589758E-6       -1.626409395591482E-6
1587.4010519681995        1.291566509123631E-6        2.936101752509236E-6
1781.7974362806785        1.6405820405323677E-6       8.314194038311628E-6
2000                      2.361732647904156E-6        1.535789299518092E-5

